800 100
68 42
1 35
25 70
59 79
65 63
46 6
28 82
92 62
43 96
37 28
5 92
54 3
83 93
17 22
96 19
27 48
39 72
13 70
100 68
95 36
12 4
34 23
65 74
12 42
69 54
45 48
58 63
60 38
42 24
79 30
36 17
43 91
7 89
43 41
49 65
6 47
30 91
51 71
2 7
49 94
24 30
55 85
41 57
77 67
9 32
40 45
24 27
39 38
83 19
42 30
16 34
59 40
31 5
7 78
87 74
46 22
73 25
30 71
74 78
13 98
91 87
37 62
68 56
75 56
53 32
51 51
25 42
31 67
92 8
38 8
88 58
84 54
10 46
59 10
89 22
47 23
31 7
69 14
92 1
56 63
60 11
38 25
84 49
42 96
51 3
37 92
21 75
22 97
100 49
85 69
35 82
100 54
39 19
89 1
68 28
94 29
84 49
22 8
18 11
15 14