20 1000
0 eiguthzfiv
0 gak
0 oucmq
0 nx
0 hmgypnrqmz
0 fxxaecuaq
0 ecaxjx
0 cgnyuzqppv
0 actzzi
0 tc
0 jzmnyyj
0 kpfcc
0 wqqva
0 a
0 jm
0 rqtcjkxqh
0 j
0 v
0 ggwwzippjm
0 uo
0 1
0 1
1 1
1 1
0 1
1 1
0 1
0 1
1 1
0 1
1 1
0 1
1 1
0 1
0 1
1 1
1 1
0 1
0 1
1 1
1 1
0 1
0 1
0 1
1 1
1 1
0 1
1 1
0 1
1 1
1 1
0 1
1 1
0 1
0 1
0 1
0 1
0 1
1 1
1 1
1 1
0 1
1 1
0 1
1 1
0 1
1 1
1 1
1 1
1 1
1 1
1 1
0 1
1 1
0 1
1 1
0 1
1 1
1 1
1 1
1 1
1 1
1 1
1 1
0 1
1 1
1 1
1 1
0 1
0 1
0 1
0 1
0 1
1 1
0 1
0 1
0 1
0 1
1 1
1 1
0 1
0 1
1 1
0 1
1 1
1 1
0 1
1 1
1 1
0 1
1 1
0 1
0 1
1 1
1 1
1 1
1 1
1 1
0 1
0 1
0 1
0 1
0 1
0 1
1 1
0 1
1 1
0 1
1 1
0 1
0 1
0 1
1 1
0 1
0 1
1 1
0 1
0 1
0 1
1 1
1 1
0 1
0 1
0 1
1 1
1 1
1 1
0 1
1 1
1 1
1 1
0 1
0 1
0 1
0 1
1 1
0 1
0 1
1 1
1 1
1 1
1 1
1 1
1 1
1 1
1 1
0 1
1 1
1 1
0 1
1 1
0 1
1 1
0 1
0 1
0 1
0 1
0 1
0 1
0 1
1 1
0 1
0 1
0 1
1 1
0 1
0 1
0 1
1 1
1 1
0 1
0 1
0 1
1 1
1 1
0 1
0 1
1 1
0 1
1 1
1 1
0 1
0 1
0 1
0 1
1 1
1 1
1 1
1 1
1 1
0 1
1 1
0 1
1 1
1 1
0 1
0 1
0 1
1 1
0 1
0 1
1 1
0 1
1 1
0 1
0 1
1 1
1 1
1 1
1 1
1 1
0 1
1 1
1 1
1 1
1 1
0 1
0 1
0 1
1 1
0 1
1 1
0 1
0 1
0 1
1 1
0 1
0 1
0 1
0 1
1 1
0 1
0 1
0 1
1 1
0 1
0 1
1 1
1 1
0 1
1 1
0 1
1 1
1 1
0 1
0 1
0 1
0 1
0 1
0 1
1 1
1 1
1 1
0 1
0 1
0 1
1 1
1 1
0 1
1 1
1 1
1 1
0 1
1 1
0 1
1 1
0 1
1 1
1 1
1 1
1 1
1 1
1 1
1 1
1 1
0 1
0 1
0 1
1 1
1 1
1 1
1 1
0 1
1 1
0 1
1 1
0 1
0 1
0 1
1 1
1 1
0 1
1 1
1 1
0 1
1 1
0 1
1 1
0 1
0 1
1 1
0 1
1 1
0 1
1 1
0 1
1 1
1 1
0 1
1 1
1 1
0 1
1 1
1 1
0 1
1 1
1 1
0 1
0 1
1 1
0 1
1 1
1 1
0 1
1 1
1 1
1 1
0 1
1 1
1 1
0 1
0 1
1 1
0 1
0 1
1 1
0 1
1 1
1 1
0 1
1 1
1 1
1 1
1 1
0 1
1 1
1 1
1 1
0 1
0 1
0 1
1 1
0 1
1 1
1 1
0 1
0 1
0 1
0 1
1 1
1 1
1 1
0 1
0 1
1 1
0 1
0 1
1 1
1 1
0 1
1 1
1 1
0 1
0 1
0 1
1 1
1 1
0 1
0 1
1 1
1 1
1 1
0 1
0 1
0 1
1 1
1 1
0 1
1 1
0 1
1 1
1 1
0 1
1 1
1 1
0 1
1 1
1 1
1 1
1 1
1 1
1 1
1 1
0 1
1 1
0 1
1 1
1 1
1 1
1 1
0 1
1 1
0 1
0 1
1 1
0 1
1 1
0 1
1 1
0 1
1 1
0 1
0 1
1 1
0 1
0 1
0 1
0 1
1 1
1 1
1 1
1 1
1 1
0 1
0 1
0 1
0 1
1 1
1 1
0 1
0 1
1 1
1 1
1 1
0 1
1 1
1 1
1 1
0 1
1 1
0 1
1 1
1 1
1 1
0 1
0 1
1 1
0 1
1 1
1 1
1 1
0 1
1 1
0 1
1 1
0 1
1 1
0 1
0 1
1 1
1 1
0 1
1 1
1 1
0 1
1 1
0 1
0 1
0 1
0 1
0 1
1 1
1 1
1 1
1 1
1 1
0 1
0 1
1 1
0 1
1 1
1 1
0 1
0 1
0 1
1 1
0 1
0 1
0 1
1 1
0 1
0 1
0 1
0 1
1 1
0 1
0 1
1 1
1 1
1 1
1 1
0 1
0 1
1 1
1 1
1 1
0 1
1 1
1 1
0 1
0 1
0 1
0 1
0 1
1 1
0 1
0 1
0 1
0 1
1 1
1 1
0 1
0 1
1 1
0 1
1 1
0 1
0 1
1 1
0 1
0 1
0 1
0 1
1 1
1 1
1 1
1 1
1 1
0 1
1 1
1 1
1 1
1 1
1 1
0 1
0 1
1 1
0 1
1 1
1 1
0 1
0 1
0 1
1 1
1 1
0 1
0 1
0 1
0 1
1 1
1 1
0 1
1 1
0 1
0 1
0 1
1 1
0 1
0 1
0 1
0 1
1 1
0 1
0 1
1 1
1 1
1 1
0 1
0 1
0 1
0 1
1 1
1 1
0 1
1 1
1 1
1 1
0 1
1 1
1 1
0 1
0 1
1 1
1 1
0 1
1 1
1 1
0 1
1 1
0 1
0 1
0 1
0 1
1 1
1 1
0 1
0 1
1 1
1 1
0 1
1 1
1 1
0 1
0 1
1 1
0 1
1 1
0 1
0 1
0 1
0 1
1 1
1 1
0 1
0 1
0 1
0 1
1 1
0 1
0 1
0 1
1 1
1 1
1 1
1 1
1 1
1 1
0 1
0 1
0 1
1 1
0 1
0 1
0 1
0 1
0 1
0 1
1 1
0 1
0 1
0 1
1 1
1 1
1 1
0 1
1 1
1 1
0 1
1 1
1 1
1 1
1 1
0 1
0 1
1 1
1 1
1 1
1 1
0 1
1 1
0 1
0 1
0 1
0 1
0 1
1 1
1 1
0 1
1 1
0 1
0 1
0 1
1 1
0 1
0 1
1 1
0 1
0 1
0 1
0 1
1 1
0 1
1 1
0 1
1 1
0 1
0 1
0 1
1 1
1 1
0 1
0 1
0 1
1 1
1 1
0 1
0 1
0 1
1 1
1 1
0 1
1 1
0 1
1 1
0 1
1 1
0 1
1 1
0 1
0 1
0 1
0 1
1 1
0 1
1 1
1 1
1 1
0 1
1 1
0 1
1 1
0 1
1 1
0 1
1 1
1 1
0 1
1 1
1 1
1 1
0 1
1 1
0 1
1 1
1 1
0 1
1 1
0 1
1 1
1 1
0 1
1 1
0 1
1 1
1 1
1 1
1 1
0 1
1 1
1 1
0 1
0 1
1 1
1 1
0 1
0 1
0 1
0 1
0 1
1 1
0 1
0 1
0 1
0 1
1 1
1 1
1 1
0 1
0 1
0 1
1 1
1 1
1 1
0 1
1 1
0 1
1 1
0 1
1 1
1 1
0 1
1 1
0 1
1 1
0 1
0 1
0 1
0 1
0 1
1 1
1 1
1 1
1 1
1 1
1 1
1 1
0 1
0 1
0 1
1 1
1 1
0 1
1 1
1 1
0 1
1 1
0 1
1 1
0 1
1 1
1 1
1 1
1 1
1 1
0 1
0 1
0 1
1 1
1 1
1 1
1 1
1 1
1 1
1 1
1 1
1 1
0 1
1 1
0 1
0 1
0 1
0 1
0 1
1 1
0 1
1 1
0 1
1 1
1 1
0 1
1 1
1 1
1 1
1 1
0 1
0 1
1 1
0 1
0 1
0 1
0 1
0 1
0 1
0 1
1 1
0 1
0 1
1 1
0 1
0 1
0 1
1 1
1 1
0 1
0 1
1 1
1 1
1 1
0 1
1 1
1 1
0 1
1 1
1 1
0 1
1 1
1 1
0 1
1 1
1 1
1 1
1 1
0 1
1 1
1 1
1 1
1 1
1 1
1 1
0 1
0 1
1 1
1 1
0 1
1 1
0 1
1 1
1 1
0 1
0 1
0 1
1 1
0 1
1 1
1 1
0 1
1 1
1 1
1 1
0 1
0 1
0 1
0 1
0 1
0 1
1 1
1 1
1 1
0 1
0 1
1 1
0 1
1 1
0 1
0 1
0 1
0 1
0 1
0 1
0 1
1 1
1 1
1 1
1 1
1 1
1 1
1 1
0 1
1 1
0 1
1 1
1 1
1 1
0 1
1 1
0 1
0 1
0 1
0 1
1 1
1 1
0 1
1 1
0 1
0 1
1 1
1 1
0 1
1 1
1 1
1 1
0 1
1 1
0 1
1 1
1 1
0 1
0 1
1 1
1 1
0 1
1 1
1 1
1 1
1 1
0 1
0 1
0 1
1 1
1 1
