20 1000
0 dntqp
1 scr
0 vftzz
0 gqfiktg
1 hmbwbaemjy
0 jfsm
0 rjfrq
1 jx
1 xyqgq
0 oikbdxhupe
0 tpzgtshlaf
0 xf
0 cscpxvnyyk
1 lw
1 ozka
1 acieobix
1 ifmyjai
0 ce
1 mwd
0 lesugvsbc
1 1
1 1
0 1
0 1
0 1
0 1
1 1
1 1
1 1
0 1
0 1
1 1
0 1
1 1
1 1
0 1
0 1
0 1
1 1
0 1
0 1
1 1
0 1
0 1
0 1
1 1
0 1
0 1
0 1
1 1
1 1
0 1
0 1
1 1
0 1
1 1
0 1
1 1
0 1
0 1
1 1
1 1
1 1
1 1
1 1
0 1
1 1
0 1
1 1
1 1
1 1
0 1
1 1
1 1
0 1
0 1
1 1
0 1
1 1
0 1
0 1
0 1
1 1
0 1
1 1
1 1
0 1
1 1
1 1
1 1
1 1
1 1
0 1
0 1
1 1
1 1
0 1
1 1
1 1
1 1
0 1
1 1
0 1
0 1
1 1
1 1
0 1
1 1
1 1
0 1
0 1
0 1
1 1
0 1
0 1
1 1
1 1
1 1
1 1
0 1
1 1
1 1
1 1
0 1
1 1
0 1
0 1
1 1
0 1
1 1
0 1
0 1
0 1
0 1
0 1
0 1
1 1
1 1
1 1
1 1
0 1
1 1
0 1
1 1
1 1
1 1
1 1
0 1
0 1
1 1
0 1
1 1
1 1
1 1
0 1
1 1
1 1
0 1
0 1
0 1
0 1
0 1
0 1
1 1
1 1
1 1
1 1
0 1
0 1
0 1
1 1
0 1
0 1
0 1
0 1
1 1
0 1
1 1
0 1
0 1
1 1
0 1
0 1
1 1
0 1
0 1
0 1
0 1
1 1
1 1
0 1
1 1
1 1
0 1
0 1
1 1
0 1
0 1
0 1
1 1
1 1
1 1
0 1
0 1
0 1
1 1
1 1
1 1
1 1
1 1
1 1
1 1
0 1
0 1
0 1
0 1
1 1
1 1
1 1
0 1
0 1
1 1
0 1
0 1
0 1
1 1
1 1
1 1
0 1
1 1
0 1
0 1
1 1
0 1
0 1
0 1
0 1
1 1
0 1
0 1
1 1
0 1
1 1
1 1
0 1
1 1
0 1
0 1
1 1
1 1
1 1
0 1
0 1
0 1
0 1
1 1
0 1
1 1
1 1
1 1
1 1
1 1
0 1
0 1
0 1
0 1
0 1
0 1
0 1
1 1
1 1
1 1
1 1
1 1
0 1
0 1
1 1
0 1
1 1
0 1
0 1
1 1
0 1
1 1
1 1
1 1
0 1
0 1
0 1
0 1
1 1
1 1
0 1
0 1
1 1
1 1
1 1
0 1
0 1
0 1
0 1
0 1
1 1
1 1
1 1
0 1
0 1
1 1
0 1
1 1
1 1
0 1
1 1
1 1
0 1
1 1
1 1
1 1
1 1
1 1
0 1
1 1
1 1
1 1
1 1
1 1
0 1
0 1
0 1
1 1
0 1
0 1
0 1
1 1
0 1
1 1
1 1
1 1
0 1
1 1
1 1
1 1
0 1
1 1
0 1
1 1
1 1
0 1
0 1
1 1
0 1
1 1
0 1
0 1
1 1
1 1
0 1
0 1
0 1
0 1
1 1
1 1
1 1
0 1
1 1
0 1
1 1
1 1
0 1
1 1
0 1
0 1
0 1
0 1
0 1
0 1
0 1
0 1
0 1
1 1
1 1
0 1
1 1
1 1
0 1
0 1
0 1
0 1
1 1
0 1
1 1
1 1
1 1
0 1
1 1
1 1
1 1
1 1
0 1
0 1
0 1
0 1
1 1
0 1
1 1
0 1
1 1
0 1
0 1
1 1
0 1
1 1
0 1
1 1
0 1
1 1
1 1
0 1
1 1
0 1
1 1
1 1
0 1
0 1
1 1
0 1
0 1
0 1
1 1
1 1
0 1
1 1
0 1
0 1
1 1
1 1
0 1
0 1
1 1
1 1
0 1
1 1
1 1
1 1
1 1
0 1
1 1
1 1
0 1
0 1
0 1
1 1
1 1
0 1
1 1
1 1
0 1
0 1
0 1
0 1
0 1
0 1
0 1
0 1
0 1
1 1
0 1
1 1
0 1
0 1
0 1
1 1
0 1
0 1
0 1
0 1
0 1
1 1
0 1
1 1
1 1
1 1
0 1
0 1
0 1
1 1
0 1
0 1
1 1
1 1
0 1
0 1
1 1
1 1
0 1
0 1
0 1
0 1
0 1
1 1
0 1
0 1
1 1
1 1
0 1
0 1
0 1
1 1
1 1
0 1
1 1
0 1
0 1
1 1
1 1
0 1
0 1
0 1
1 1
1 1
0 1
1 1
0 1
0 1
0 1
0 1
0 1
0 1
1 1
0 1
1 1
1 1
1 1
1 1
1 1
0 1
0 1
1 1
1 1
1 1
0 1
1 1
1 1
0 1
0 1
0 1
1 1
1 1
1 1
1 1
1 1
1 1
1 1
0 1
0 1
1 1
1 1
1 1
1 1
0 1
1 1
0 1
0 1
1 1
0 1
1 1
0 1
0 1
0 1
1 1
1 1
1 1
0 1
0 1
0 1
0 1
1 1
0 1
1 1
0 1
1 1
1 1
0 1
0 1
1 1
0 1
1 1
0 1
0 1
1 1
1 1
0 1
0 1
1 1
0 1
1 1
0 1
0 1
1 1
1 1
0 1
1 1
1 1
1 1
0 1
0 1
1 1
0 1
1 1
0 1
0 1
1 1
0 1
0 1
1 1
0 1
1 1
0 1
0 1
1 1
1 1
0 1
1 1
0 1
1 1
1 1
0 1
0 1
0 1
1 1
1 1
0 1
0 1
1 1
1 1
1 1
0 1
1 1
0 1
0 1
1 1
1 1
1 1
0 1
1 1
0 1
1 1
0 1
1 1
0 1
1 1
1 1
0 1
0 1
1 1
1 1
0 1
0 1
0 1
1 1
0 1
1 1
1 1
1 1
0 1
1 1
0 1
1 1
0 1
1 1
0 1
0 1
0 1
0 1
1 1
1 1
1 1
0 1
0 1
0 1
1 1
0 1
0 1
1 1
0 1
1 1
0 1
0 1
0 1
1 1
0 1
0 1
0 1
0 1
1 1
1 1
1 1
1 1
0 1
0 1
0 1
0 1
1 1
0 1
1 1
0 1
0 1
0 1
1 1
1 1
1 1
1 1
1 1
1 1
0 1
1 1
1 1
1 1
0 1
1 1
1 1
0 1
1 1
0 1
1 1
0 1
0 1
1 1
0 1
1 1
1 1
1 1
1 1
0 1
0 1
0 1
1 1
1 1
0 1
1 1
1 1
1 1
0 1
0 1
1 1
0 1
0 1
0 1
0 1
1 1
1 1
0 1
0 1
1 1
1 1
1 1
1 1
0 1
1 1
0 1
1 1
0 1
0 1
0 1
1 1
1 1
1 1
1 1
1 1
0 1
1 1
1 1
0 1
0 1
0 1
1 1
0 1
1 1
1 1
1 1
0 1
0 1
1 1
1 1
1 1
0 1
0 1
1 1
0 1
0 1
1 1
1 1
0 1
0 1
0 1
0 1
1 1
1 1
1 1
1 1
0 1
1 1
0 1
1 1
0 1
0 1
1 1
1 1
1 1
0 1
0 1
0 1
0 1
0 1
1 1
0 1
0 1
0 1
0 1
0 1
1 1
0 1
0 1
1 1
0 1
0 1
0 1
0 1
0 1
1 1
0 1
1 1
0 1
1 1
1 1
1 1
0 1
1 1
0 1
1 1
0 1
0 1
1 1
1 1
1 1
0 1
0 1
1 1
1 1
1 1
1 1
0 1
1 1
1 1
0 1
1 1
1 1
0 1
1 1
0 1
0 1
0 1
1 1
1 1
0 1
1 1
1 1
1 1
0 1
0 1
0 1
1 1
0 1
1 1
0 1
1 1
0 1
1 1
0 1
1 1
1 1
0 1
1 1
0 1
1 1
0 1
1 1
0 1
1 1
0 1
0 1
0 1
1 1
1 1
1 1
0 1
1 1
0 1
1 1
0 1
0 1
1 1
0 1
0 1
1 1
1 1
0 1
0 1
0 1
1 1
0 1
0 1
0 1
0 1
0 1
1 1
1 1
0 1
1 1
1 1
0 1
1 1
1 1
0 1
1 1
1 1
0 1
1 1
0 1
1 1
0 1
0 1
0 1
1 1
1 1
0 1
1 1
0 1
1 1
0 1
0 1
1 1
1 1
1 1
1 1
0 1
1 1
0 1
1 1
0 1
0 1
1 1
0 1
0 1
0 1
0 1
0 1
1 1
0 1
1 1
1 1
1 1
1 1
0 1
1 1
0 1
1 1
1 1
1 1
1 1
1 1
1 1
1 1
1 1
0 1
1 1
1 1
1 1
1 1
1 1
1 1
1 1
1 1
1 1
1 1
0 1
1 1
1 1
0 1
1 1
1 1
0 1
1 1
1 1
1 1
1 1
0 1
0 1
1 1
1 1
0 1
0 1
0 1
1 1
0 1
0 1
1 1
0 1
1 1
1 1
1 1
0 1
1 1
0 1
1 1
0 1
1 1
1 1
1 1
1 1
