20 1000
0 r
1 t
1 q
1 a
0 e
1 c
1 f
0 f
1 g
1 x
1 l
0 q
1 e
0 h
0 s
0 t
1 v
1 m
0 q
1 k
0 1
1 1
0 1
1 1
1 1
1 1
0 1
1 1
1 1
1 1
0 1
1 1
1 1
0 1
0 1
1 1
0 1
1 1
1 1
1 1
1 1
1 1
1 1
0 1
1 1
0 1
0 1
1 1
1 1
0 1
0 1
1 1
0 1
0 1
0 1
1 1
0 1
0 1
1 1
0 1
0 1
0 1
0 1
0 1
0 1
1 1
0 1
1 1
0 1
0 1
0 1
1 1
0 1
1 1
0 1
1 1
0 1
1 1
0 1
0 1
0 1
0 1
0 1
0 1
0 1
1 1
0 1
1 1
1 1
0 1
0 1
1 1
1 1
1 1
0 1
0 1
0 1
1 1
0 1
1 1
1 1
0 1
1 1
0 1
0 1
0 1
0 1
1 1
0 1
1 1
0 1
0 1
1 1
1 1
0 1
0 1
1 1
0 1
1 1
1 1
0 1
1 1
0 1
1 1
0 1
0 1
0 1
1 1
1 1
1 1
1 1
1 1
1 1
1 1
0 1
0 1
0 1
0 1
1 1
0 1
1 1
0 1
0 1
0 1
1 1
1 1
1 1
1 1
1 1
1 1
1 1
0 1
1 1
0 1
0 1
0 1
1 1
1 1
0 1
1 1
1 1
1 1
1 1
1 1
0 1
1 1
1 1
1 1
1 1
1 1
1 1
1 1
1 1
0 1
1 1
0 1
1 1
1 1
1 1
0 1
1 1
0 1
0 1
1 1
0 1
0 1
0 1
0 1
0 1
0 1
1 1
1 1
1 1
0 1
1 1
1 1
1 1
0 1
1 1
0 1
0 1
1 1
0 1
1 1
1 1
1 1
0 1
0 1
1 1
0 1
0 1
1 1
0 1
1 1
1 1
1 1
1 1
1 1
0 1
0 1
0 1
0 1
0 1
1 1
0 1
1 1
0 1
1 1
1 1
1 1
1 1
0 1
0 1
0 1
0 1
0 1
1 1
0 1
0 1
0 1
1 1
1 1
0 1
0 1
1 1
0 1
1 1
1 1
0 1
1 1
1 1
0 1
1 1
0 1
1 1
0 1
1 1
0 1
1 1
1 1
1 1
0 1
0 1
1 1
1 1
1 1
0 1
1 1
0 1
0 1
1 1
0 1
1 1
1 1
1 1
0 1
0 1
1 1
1 1
1 1
0 1
1 1
1 1
1 1
1 1
0 1
1 1
1 1
0 1
1 1
0 1
0 1
0 1
0 1
1 1
1 1
1 1
0 1
0 1
0 1
0 1
0 1
1 1
1 1
0 1
1 1
0 1
0 1
0 1
0 1
0 1
0 1
1 1
1 1
0 1
0 1
1 1
0 1
1 1
0 1
1 1
0 1
0 1
1 1
1 1
1 1
0 1
0 1
1 1
0 1
0 1
1 1
0 1
1 1
1 1
0 1
1 1
1 1
0 1
0 1
1 1
1 1
0 1
1 1
0 1
0 1
0 1
1 1
0 1
0 1
1 1
0 1
0 1
0 1
1 1
0 1
1 1
1 1
1 1
1 1
1 1
1 1
0 1
1 1
1 1
0 1
0 1
0 1
1 1
1 1
1 1
0 1
0 1
0 1
1 1
0 1
1 1
0 1
0 1
0 1
0 1
1 1
0 1
0 1
0 1
1 1
1 1
0 1
1 1
1 1
1 1
0 1
1 1
0 1
1 1
1 1
0 1
1 1
0 1
0 1
1 1
1 1
1 1
0 1
1 1
1 1
0 1
1 1
1 1
0 1
1 1
0 1
1 1
1 1
0 1
1 1
1 1
0 1
1 1
0 1
1 1
0 1
0 1
0 1
1 1
1 1
1 1
0 1
0 1
0 1
0 1
1 1
1 1
1 1
0 1
1 1
1 1
0 1
1 1
0 1
0 1
0 1
1 1
1 1
0 1
0 1
1 1
0 1
0 1
0 1
0 1
0 1
0 1
0 1
0 1
1 1
1 1
1 1
0 1
1 1
0 1
1 1
0 1
0 1
0 1
1 1
0 1
1 1
0 1
0 1
1 1
0 1
0 1
1 1
1 1
0 1
1 1
1 1
1 1
1 1
1 1
0 1
1 1
1 1
0 1
0 1
1 1
1 1
0 1
1 1
0 1
1 1
0 1
1 1
1 1
1 1
1 1
1 1
0 1
1 1
0 1
0 1
0 1
0 1
1 1
1 1
1 1
1 1
1 1
0 1
1 1
1 1
0 1
1 1
0 1
0 1
1 1
1 1
1 1
0 1
1 1
0 1
1 1
0 1
1 1
0 1
1 1
1 1
0 1
1 1
0 1
0 1
0 1
1 1
1 1
1 1
1 1
0 1
1 1
0 1
0 1
0 1
0 1
0 1
1 1
1 1
1 1
0 1
1 1
0 1
0 1
0 1
1 1
0 1
1 1
0 1
0 1
1 1
0 1
0 1
1 1
0 1
0 1
1 1
1 1
0 1
0 1
0 1
1 1
1 1
0 1
0 1
0 1
0 1
1 1
0 1
0 1
0 1
0 1
0 1
1 1
0 1
1 1
1 1
1 1
1 1
1 1
1 1
0 1
1 1
0 1
1 1
1 1
0 1
0 1
1 1
0 1
1 1
0 1
0 1
0 1
1 1
1 1
1 1
1 1
0 1
1 1
0 1
1 1
0 1
1 1
1 1
0 1
1 1
1 1
0 1
1 1
1 1
0 1
1 1
0 1
1 1
0 1
0 1
1 1
0 1
0 1
1 1
1 1
0 1
1 1
0 1
1 1
1 1
0 1
1 1
1 1
0 1
1 1
0 1
0 1
1 1
1 1
1 1
1 1
1 1
0 1
1 1
1 1
0 1
1 1
0 1
0 1
1 1
1 1
1 1
0 1
0 1
0 1
0 1
1 1
1 1
0 1
1 1
1 1
1 1
0 1
1 1
0 1
0 1
1 1
0 1
0 1
1 1
1 1
0 1
1 1
0 1
1 1
0 1
0 1
0 1
0 1
1 1
1 1
0 1
1 1
1 1
0 1
0 1
1 1
0 1
0 1
1 1
1 1
0 1
1 1
1 1
1 1
1 1
1 1
0 1
0 1
0 1
1 1
1 1
1 1
0 1
0 1
1 1
0 1
1 1
0 1
0 1
0 1
1 1
1 1
1 1
0 1
0 1
1 1
1 1
0 1
0 1
1 1
0 1
0 1
1 1
0 1
0 1
1 1
0 1
0 1
0 1
1 1
1 1
0 1
1 1
0 1
1 1
1 1
0 1
1 1
1 1
1 1
0 1
0 1
1 1
0 1
0 1
1 1
0 1
1 1
1 1
0 1
0 1
1 1
1 1
0 1
0 1
1 1
1 1
1 1
1 1
1 1
1 1
1 1
0 1
1 1
0 1
0 1
0 1
1 1
0 1
1 1
1 1
1 1
0 1
0 1
1 1
0 1
0 1
0 1
1 1
1 1
0 1
1 1
1 1
1 1
1 1
1 1
0 1
1 1
1 1
1 1
0 1
0 1
1 1
1 1
1 1
1 1
0 1
0 1
0 1
1 1
1 1
1 1
1 1
0 1
0 1
1 1
1 1
1 1
0 1
0 1
0 1
1 1
0 1
1 1
1 1
0 1
1 1
0 1
1 1
1 1
0 1
1 1
0 1
0 1
0 1
0 1
1 1
1 1
0 1
0 1
0 1
1 1
0 1
0 1
0 1
1 1
1 1
0 1
1 1
0 1
1 1
0 1
0 1
0 1
0 1
1 1
1 1
0 1
0 1
0 1
0 1
1 1
0 1
0 1
0 1
0 1
1 1
1 1
1 1
0 1
0 1
1 1
0 1
0 1
1 1
0 1
0 1
1 1
0 1
1 1
1 1
1 1
0 1
0 1
0 1
1 1
0 1
0 1
1 1
0 1
0 1
1 1
0 1
0 1
1 1
1 1
1 1
0 1
1 1
0 1
1 1
0 1
1 1
1 1
0 1
0 1
1 1
1 1
0 1
1 1
0 1
1 1
0 1
1 1
1 1
0 1
0 1
1 1
1 1
0 1
1 1
0 1
0 1
1 1
1 1
1 1
0 1
1 1
1 1
0 1
1 1
0 1
0 1
0 1
0 1
0 1
0 1
1 1
1 1
0 1
1 1
0 1
1 1
0 1
1 1
1 1
0 1
0 1
0 1
0 1
0 1
0 1
1 1
0 1
1 1
0 1
1 1
1 1
1 1
0 1
1 1
1 1
0 1
0 1
1 1
1 1
1 1
0 1
1 1
0 1
0 1
0 1
1 1
1 1
1 1
1 1
1 1
0 1
1 1
0 1
0 1
1 1
1 1
1 1
1 1
1 1
0 1
0 1
1 1
0 1
1 1
1 1
0 1
0 1
1 1
1 1
0 1
0 1
1 1
0 1
0 1
0 1
1 1
0 1
0 1
0 1
0 1
0 1
0 1
0 1
0 1
0 1
1 1
1 1
1 1
0 1
0 1
1 1
0 1
0 1
0 1
0 1
1 1
1 1
0 1
