10 500
9 3 6 9 2 6 9 2 5 9 
2 5 8 2 5 8 2 5 8 1 
5 8 1 4 8 1 4 7 1 4 
7 10 4 7 10 4 7 10 3 7 
10 3 6 10 3 6 9 3 6 9 
3 6 9 2 6 9 2 5 9 2 
5 8 2 5 8 2 5 8 1 5 
8 1 4 8 1 4 7 1 4 7 
1 4 7 10 4 7 10 3 7 10 
3 6 10 3 6 9 3 6 9 3 
6 9 2 6 9 2 5 9 2 5 
8 2 5 8 2 5 8 1 5 8 
1 4 8 1 4 7 1 4 7 1 
4 7 10 4 7 10 3 7 10 3 
6 10 3 6 10 3 6 9 3 6 
9 2 6 9 2 5 9 2 5 8 
2 5 8 2 5 8 1 5 8 1 
4 8 1 4 7 1 4 7 1 4 
7 10 4 7 10 3 7 10 3 6 
10 3 6 10 3 6 9 3 6 9 
2 6 9 2 5 9 2 5 8 2 
5 8 2 5 8 1 5 8 1 4 
8 1 4 7 1 4 7 1 4 7 
10 4 7 10 3 7 10 3 6 10 
3 6 10 3 6 9 3 6 9 2 
6 9 2 5 9 2 5 9 2 5 
8 2 5 8 1 5 8 1 4 8 
1 4 7 1 4 7 1 4 7 10 
4 7 10 3 7 10 3 6 10 3 
6 10 3 6 9 3 6 9 2 6 
9 2 5 9 2 5 9 2 5 8 
2 5 8 1 5 8 1 4 8 1 
4 8 1 4 7 1 4 7 10 4 
7 10 3 7 10 3 6 10 3 6 
10 3 6 9 3 6 9 2 6 9 
2 5 9 2 5 9 2 5 8 2 
5 8 1 5 8 1 4 8 1 4 
8 1 4 7 1 4 7 10 4 7 
10 3 7 10 3 7 10 3 6 10 
3 6 9 3 6 9 2 6 9 2 
5 9 2 5 9 2 5 8 2 5 
8 1 5 8 1 4 8 1 4 8 
1 4 7 1 4 7 10 4 7 10 
3 7 10 3 7 10 3 6 10 3 
6 9 3 6 9 2 6 9 2 6 
9 2 5 9 2 5 8 2 5 8 
1 5 8 1 4 8 1 4 8 1 
4 7 1 4 7 10 4 7 10 3 
7 10 3 7 10 3 6 10 3 6 
9 3 6 9 2 6 9 2 6 9 