1c1,16
< 1566
\ No newline at end of file
---
> 129 147 165 183 201 219 237 255 1 19 37 55 73 91 109 127
> 146 164 182 200 218 236 254 16 18 36 54 72 90 108 126 128
> 163 181 199 217 235 253 15 17 35 53 71 89 107 125 143 145
> 180 198 216 234 252 14 32 34 52 70 88 106 124 142 144 162
> 197 215 233 251 13 31 33 51 69 87 105 123 141 159 161 179
> 214 232 250 12 30 48 50 68 86 104 122 140 158 160 178 196
> 231 249 11 29 47 49 67 85 103 121 139 157 175 177 195 213
> 248 10 28 46 64 66 84 102 120 138 156 174 176 194 212 230
> 9 27 45 63 65 83 101 119 137 155 173 191 193 211 229 247
> 26 44 62 80 82 100 118 136 154 172 190 192 210 228 246 8
> 43 61 79 81 99 117 135 153 171 189 207 209 227 245 7 25
> 60 78 96 98 116 134 152 170 188 206 208 226 244 6 24 42
> 77 95 97 115 133 151 169 187 205 223 225 243 5 23 41 59
> 94 112 114 132 150 168 186 204 222 224 242 4 22 40 58 76
> 111 113 131 149 167 185 203 221 239 241 3 21 39 57 75 93
> 0 130 148 166 184 202 220 238 256 2 20 38 56 74 92 110
