50 1000
695743028 E
389178341 HX
475295581 xlmEnd
497622653 AtUMT
388606499 gjwCAruGbD
520958152 Y
724789345 w
606541388 nyTpV
250546986 NZ
112531808 I
771154689 wKouCD
371400883 cETLWOQi
771126522 Wk
802373877 QolVsSG
323829900 BvFtIpgUdr
264488205 HLXbIEnS
235532603 OyhBplmK
33447937 uhXEkWfbO
14686482 RzpQ
283910500 zgAM
324286836 bgs
642110505 JXduiFhscH
474328003 FCHzZqkdR
133341386 wfoh
18948802 SgPBlZf
103946715 jtfWXKzLuA
795026529 bGti
811562496 BhCJY
400215720 hsyLKt
753960711 sfBO
890658897 OLE
134476439 GTLXWUkPgc
971217458 SiEA
321234252 XNFSWCVwm
242241969 e
871182042 uIQ
572073388 ED
134366628 INXOrYFml
872763208 C
532059871 c
142154183 dFmir
709580059 i
198869190 jaD
493249033 jrqBSOk
922994321 yw
277279108 DfqJzLrAW
392986455 Er
691421052 pXK
79291307 V
106022191 sUKaC
392986455
235532603
142154183
103946715
283910500
277279108
532059871
811562496
400215720
400215720
493249033
388606499
18948802
388606499
18948802
14686482
606541388
771154689
642110505
709580059
134366628
14686482
771126522
264488205
871182042
134476439
79291307
572073388
134366628
14686482
283910500
134476439
691421052
520958152
198869190
695743028
642110505
400215720
493249033
283910500
133341386
133341386
532059871
321234252
283910500
323829900
871182042
724789345
389178341
871182042
753960711
324286836
971217458
922994321
872763208
250546986
134366628
264488205
475295581
695743028
18948802
493249033
106022191
771126522
134366628
112531808
890658897
33447937
724789345
475295581
324286836
475295581
971217458
134366628
474328003
79291307
134366628
283910500
695743028
971217458
106022191
235532603
283910500
18948802
388606499
400215720
802373877
709580059
795026529
691421052
474328003
771126522
795026529
264488205
388606499
324286836
771154689
371400883
922994321
520958152
971217458
33447937
497622653
264488205
323829900
106022191
389178341
250546986
18948802
133341386
709580059
389178341
371400883
475295581
890658897
606541388
323829900
811562496
250546986
106022191
493249033
475295581
771126522
922994321
811562496
14686482
134476439
198869190
250546986
493249033
389178341
520958152
133341386
388606499
283910500
572073388
771154689
103946715
474328003
771154689
922994321
572073388
264488205
922994321
802373877
323829900
242241969
475295581
771154689
795026529
388606499
691421052
112531808
198869190
795026529
389178341
18948802
890658897
323829900
771154689
321234252
475295581
321234252
520958152
103946715
133341386
872763208
323829900
802373877
371400883
250546986
33447937
134476439
493249033
890658897
872763208
388606499
802373877
890658897
709580059
389178341
872763208
971217458
18948802
283910500
922994321
142154183
389178341
14686482
106022191
321234252
475295581
324286836
753960711
134476439
493249033
323829900
134476439
250546986
724789345
572073388
134476439
795026529
532059871
606541388
802373877
264488205
14686482
753960711
389178341
532059871
14686482
691421052
112531808
709580059
753960711
695743028
324286836
33447937
133341386
388606499
283910500
709580059
389178341
753960711
283910500
691421052
133341386
283910500
771154689
795026529
242241969
532059871
106022191
321234252
14686482
691421052
242241969
642110505
606541388
142154183
795026529
572073388
14686482
642110505
242241969
133341386
890658897
371400883
277279108
18948802
802373877
771126522
242241969
321234252
493249033
198869190
532059871
198869190
18948802
33447937
497622653
724789345
971217458
474328003
371400883
691421052
106022191
400215720
388606499
112531808
532059871
250546986
691421052
324286836
323829900
106022191
871182042
795026529
922994321
242241969
283910500
250546986
264488205
134366628
198869190
474328003
134366628
695743028
520958152
695743028
264488205
388606499
890658897
134476439
802373877
971217458
235532603
14686482
277279108
79291307
890658897
532059871
33447937
134476439
18948802
106022191
321234252
324286836
198869190
642110505
642110505
890658897
497622653
475295581
14686482
250546986
388606499
103946715
493249033
134366628
474328003
323829900
771154689
493249033
606541388
134476439
695743028
400215720
520958152
134366628
79291307
802373877
79291307
18948802
79291307
242241969
324286836
771154689
724789345
250546986
103946715
474328003
642110505
802373877
890658897
283910500
33447937
872763208
695743028
606541388
18948802
371400883
497622653
572073388
323829900
474328003
695743028
520958152
198869190
493249033
795026529
133341386
890658897
871182042
388606499
14686482
134476439
106022191
112531808
106022191
242241969
106022191
388606499
198869190
103946715
572073388
475295581
493249033
753960711
134366628
474328003
400215720
771154689
497622653
277279108
133341386
242241969
242241969
572073388
922994321
134366628
890658897
724789345
753960711
112531808
709580059
371400883
324286836
324286836
264488205
283910500
572073388
324286836
753960711
709580059
18948802
642110505
532059871
18948802
811562496
106022191
871182042
103946715
324286836
134476439
871182042
134476439
642110505
198869190
388606499
112531808
277279108
771126522
106022191
802373877
795026529
691421052
392986455
14686482
572073388
771126522
198869190
497622653
724789345
802373877
709580059
520958152
321234252
493249033
79291307
142154183
695743028
264488205
771126522
18948802
18948802
79291307
572073388
771154689
802373877
400215720
323829900
871182042
106022191
871182042
79291307
795026529
103946715
321234252
323829900
14686482
695743028
33447937
389178341
872763208
112531808
250546986
198869190
242241969
771126522
134476439
142154183
389178341
971217458
242241969
106022191
520958152
392986455
802373877
890658897
520958152
277279108
532059871
112531808
133341386
133341386
532059871
106022191
323829900
33447937
520958152
795026529
871182042
475295581
323829900
103946715
606541388
283910500
802373877
277279108
371400883
106022191
691421052
134476439
642110505
388606499
264488205
321234252
133341386
371400883
106022191
971217458
572073388
753960711
392986455
695743028
33447937
400215720
371400883
606541388
606541388
388606499
389178341
872763208
475295581
134476439
103946715
264488205
277279108
389178341
371400883
242241969
493249033
691421052
198869190
871182042
321234252
103946715
198869190
198869190
112531808
922994321
872763208
474328003
103946715
277279108
283910500
250546986
475295581
753960711
795026529
323829900
235532603
198869190
811562496
971217458
497622653
872763208
532059871
112531808
474328003
475295581
691421052
388606499
802373877
323829900
606541388
142154183
572073388
324286836
890658897
134366628
695743028
475295581
771126522
922994321
606541388
493249033
324286836
400215720
283910500
497622653
250546986
400215720
871182042
971217458
112531808
811562496
872763208
753960711
133341386
324286836
724789345
33447937
709580059
103946715
872763208
520958152
695743028
79291307
250546986
695743028
264488205
497622653
802373877
321234252
802373877
79291307
795026529
277279108
709580059
103946715
79291307
18948802
371400883
474328003
103946715
371400883
134476439
106022191
106022191
250546986
871182042
642110505
133341386
771154689
642110505
242241969
79291307
323829900
277279108
277279108
606541388
14686482
142154183
753960711
388606499
33447937
323829900
890658897
389178341
695743028
795026529
724789345
33447937
709580059
321234252
264488205
323829900
112531808
198869190
871182042
691421052
771126522
532059871
811562496
795026529
606541388
795026529
323829900
771126522
371400883
133341386
971217458
795026529
606541388
321234252
474328003
474328003
33447937
872763208
264488205
134476439
142154183
811562496
872763208
400215720
709580059
971217458
724789345
133341386
497622653
771126522
493249033
520958152
474328003
971217458
872763208
198869190
400215720
103946715
753960711
724789345
389178341
242241969
389178341
133341386
532059871
392986455
642110505
497622653
371400883
532059871
890658897
18948802
388606499
133341386
134366628
771126522
606541388
724789345
283910500
532059871
323829900
134366628
753960711
103946715
112531808
79291307
497622653
606541388
497622653
389178341
520958152
198869190
890658897
264488205
691421052
872763208
235532603
134476439
134366628
771126522
106022191
771154689
112531808
389178341
497622653
811562496
142154183
323829900
18948802
475295581
133341386
79291307
321234252
771126522
277279108
323829900
572073388
520958152
802373877
474328003
283910500
321234252
872763208
642110505
795026529
771154689
323829900
724789345
112531808
79291307
134476439
532059871
134366628
250546986
106022191
106022191
250546986
709580059
795026529
14686482
142154183
250546986
871182042
691421052
802373877
724789345
400215720
572073388
520958152
474328003
103946715
388606499
33447937
695743028
392986455
371400883
802373877
795026529
33447937
112531808
142154183
133341386
695743028
103946715
811562496
474328003
198869190
606541388
389178341
709580059
871182042
389178341
724789345
474328003
871182042
242241969
606541388
709580059
321234252
532059871
134476439
112531808
371400883
371400883
324286836
606541388
497622653
250546986
250546986
872763208
388606499
709580059
724789345
106022191
18948802
771154689
642110505
323829900
79291307
532059871
198869190
321234252
283910500
250546986
474328003
520958152
811562496
388606499
753960711
971217458
33447937
493249033
18948802
606541388
606541388
323829900
323829900
264488205
872763208
532059871
277279108
493249033
389178341
106022191
277279108
323829900
871182042
890658897
475295581
475295581
724789345
250546986
392986455
795026529
324286836
724789345
14686482
106022191
242241969
572073388
520958152
691421052
18948802
33447937
695743028
389178341
871182042
871182042
388606499
771154689
872763208
520958152
235532603
606541388
695743028
264488205
572073388
389178341
283910500
134366628
691421052
691421052
520958152
277279108
14686482
695743028
474328003
18948802
606541388
971217458
497622653
134366628
264488205
112531808
283910500
872763208
691421052
971217458
890658897
890658897
283910500
497622653
277279108
324286836
106022191
134476439
277279108
14686482
389178341
520958152
922994321
971217458
971217458
795026529
388606499
795026529
321234252
389178341
33447937
79291307
890658897
134476439
14686482
890658897
264488205
134476439
606541388
475295581
371400883
400215720
198869190
771126522
14686482
103946715
922994321
520958152
771154689
890658897
103946715
532059871
475295581
520958152
106022191
250546986
264488205
753960711
497622653
388606499
283910500
264488205
103946715
242241969
691421052
388606499
971217458
106022191
532059871
103946715
33447937
771154689
323829900
606541388
724789345
474328003
112531808
971217458
493249033
971217458
795026529
389178341
277279108
18948802
890658897
18948802
134476439
709580059
695743028
371400883
324286836
493249033
283910500
198869190
572073388
18948802
321234252
134476439
