100 3000
175757464 nTQSR
683261980 HQxKCjYBoq
233572776 oHxRFalGI
58390671 y
616137060 HKNBi
645806257 fZgW
449817561 OdJzSNq
475939134 lOnYsIWrp
592140691 ipS
13890649 W
238169570 QLYJNAzFSd
219594175 EeUJvWkZ
716358088 RDgeNux
731997390 zlRZWaG
50205490 D
536309096 yCRQZUDAE
377871005 Sd
661676349 eNjIULqtk
549509882 soE
992130464 RBzy
455619163 NFtoiYjJWP
765126955 Q
112655116 PgV
258791331 wJuS
174811178 gkMv
757848469 F
260015994 pPTbxEDl
912026493 CrsmKJ
753485719 nmjf
76330336 KM
274478658 ZmVKwzW
805688343 JDFR
243696288 bHdXQnohfw
147175112 zYI
337198971 H
752568080 Vambiy
416067924 lFEUoKYgk
252179930 Z
960634797 aY
943328110 sQR
942228128 zGdAlKt
768702135 OaHYk
816587909 CAorfeZNq
664443417 jX
506876935 QaLSj
371523092 N
144161061 OptZPD
932153276 fRNOBIT
109929660 OsdNXyCZQ
310636421 PsH
390819586 SDEAlrvg
562488725 jcRXUbNfht
901283514 qEUsl
731089156 UjtYxHfonX
681034893 inlyo
923593351 wLkGzDWnd
259185105 YNeAudiX
345670623 YWl
817546817 YXRuIK
569433376 Rdsnu
524461160 iEZ
996008276 P
661165511 v
520636765 hCzliDjo
332904179 ZSsloCRADF
745638255 OXabKqJEH
585788965 Pdl
982052628 XFmtROcsM
781106365 oDdHkYO
779516323 wDSepvU
602603503 hRlqsSu
322186616 TzDG
98204807 Jf
830770909 OjmMHfUDC
944560270 Fe
668368011 BSPVUEpvH
768234201 sjNE
557772958 pmJLyAav
913998936 H
24076530 mlBt
130202146 PsORu
792407824 i
595861676 jbKIik
756480587 A
581113123 s
781343983 uLAak
674052133 jV
851868938 utDInaN
489926445 uqHkVXC
961317042 WoCAR
187845677 PWZMfkwuNy
15072314 EPAzVJqjI
707527199 mBi
93084087 B
175992592 yMwOqQLD
579954288 qoSj
375336264 lPNI
919632261 gkEofFu
341518679 esjdykbA
895462008 Srv
768234201
781106365
683261980
768702135
707527199
24076530
731089156
13890649
942228128
901283514
932153276
731997390
923593351
592140691
768702135
174811178
664443417
569433376
645806257
233572776
768702135
731997390
731089156
130202146
996008276
792407824
996008276
752568080
960634797
817546817
147175112
322186616
913998936
50205490
187845677
130202146
130202146
830770909
674052133
895462008
779516323
731089156
109929660
233572776
817546817
76330336
768702135
781343983
252179930
187845677
595861676
943328110
579954288
109929660
130202146
147175112
932153276
274478658
668368011
768234201
895462008
681034893
781343983
377871005
752568080
992130464
781343983
768234201
252179930
683261980
745638255
524461160
919632261
851868938
901283514
668368011
260015994
756480587
345670623
757848469
683261980
616137060
520636765
913998936
781106365
661165511
332904179
377871005
130202146
942228128
371523092
901283514
805688343
50205490
595861676
707527199
753485719
668368011
923593351
768234201
332904179
341518679
982052628
562488725
919632261
942228128
913998936
816587909
602603503
901283514
520636765
455619163
683261980
557772958
112655116
830770909
569433376
805688343
683261980
581113123
668368011
716358088
15072314
901283514
259185105
668368011
731997390
455619163
716358088
175757464
661676349
58390671
233572776
15072314
982052628
536309096
24076530
274478658
377871005
337198971
332904179
616137060
745638255
992130464
175992592
475939134
961317042
716358088
557772958
345670623
913998936
341518679
781106365
805688343
912026493
579954288
76330336
24076530
756480587
592140691
756480587
175757464
851868938
912026493
768234201
341518679
449817561
13890649
716358088
944560270
731089156
260015994
944560270
830770909
377871005
932153276
664443417
506876935
489926445
130202146
175757464
24076530
944560270
645806257
175757464
109929660
716358088
144161061
731997390
982052628
536309096
489926445
664443417
961317042
252179930
960634797
664443417
187845677
375336264
449817561
579954288
238169570
661676349
943328110
489926445
616137060
716358088
345670623
13890649
982052628
707527199
76330336
851868938
781343983
765126955
919632261
585788965
923593351
707527199
731997390
923593351
187845677
585788965
98204807
259185105
341518679
943328110
260015994
781106365
592140691
781343983
779516323
371523092
13890649
781343983
982052628
992130464
175992592
768702135
765126955
345670623
455619163
581113123
668368011
13890649
332904179
98204807
455619163
830770909
683261980
144161061
416067924
506876935
661165511
579954288
756480587
912026493
15072314
757848469
375336264
243696288
943328110
332904179
982052628
562488725
390819586
13890649
258791331
377871005
274478658
781106365
757848469
390819586
371523092
98204807
592140691
58390671
923593351
24076530
901283514
506876935
243696288
144161061
923593351
752568080
645806257
489926445
130202146
562488725
683261980
187845677
753485719
595861676
13890649
112655116
816587909
661165511
258791331
175992592
830770909
130202146
816587909
520636765
592140691
13890649
645806257
781106365
768234201
768702135
616137060
233572776
585788965
233572776
592140691
768234201
731997390
912026493
130202146
602603503
449817561
332904179
932153276
779516323
416067924
757848469
258791331
549509882
592140691
506876935
549509882
943328110
147175112
664443417
187845677
58390671
901283514
130202146
93084087
982052628
661676349
765126955
753485719
731997390
475939134
259185105
932153276
595861676
996008276
781106365
942228128
901283514
996008276
731089156
187845677
50205490
174811178
147175112
683261980
944560270
895462008
112655116
895462008
175992592
616137060
390819586
375336264
595861676
332904179
93084087
345670623
602603503
390819586
390819586
757848469
944560270
15072314
765126955
664443417
768234201
932153276
661165511
13890649
557772958
745638255
109929660
416067924
753485719
233572776
912026493
645806257
416067924
130202146
557772958
219594175
345670623
337198971
524461160
851868938
752568080
187845677
24076530
175757464
661676349
252179930
817546817
345670623
731089156
175757464
144161061
683261980
664443417
616137060
992130464
996008276
992130464
219594175
912026493
109929660
569433376
616137060
371523092
243696288
756480587
817546817
259185105
233572776
595861676
960634797
520636765
109929660
753485719
961317042
756480587
595861676
851868938
310636421
50205490
13890649
274478658
768702135
24076530
731089156
595861676
98204807
830770909
13890649
489926445
768234201
337198971
781106365
252179930
913998936
238169570
332904179
322186616
602603503
745638255
449817561
310636421
943328110
816587909
745638255
341518679
109929660
109929660
716358088
765126955
175992592
175992592
93084087
592140691
549509882
716358088
661165511
341518679
13890649
76330336
731089156
932153276
707527199
144161061
274478658
661676349
817546817
792407824
752568080
58390671
524461160
112655116
851868938
645806257
753485719
238169570
592140691
13890649
337198971
562488725
15072314
524461160
238169570
260015994
664443417
830770909
175757464
992130464
731089156
992130464
943328110
901283514
753485719
93084087
233572776
944560270
337198971
592140691
332904179
781343983
792407824
187845677
233572776
781106365
50205490
731089156
595861676
219594175
661676349
130202146
817546817
557772958
919632261
942228128
943328110
332904179
932153276
992130464
683261980
377871005
489926445
274478658
668368011
219594175
455619163
562488725
616137060
449817561
757848469
768702135
371523092
260015994
174811178
585788965
768702135
455619163
851868938
932153276
932153276
805688343
816587909
377871005
731089156
371523092
377871005
943328110
579954288
602603503
765126955
960634797
274478658
592140691
98204807
416067924
674052133
337198971
996008276
668368011
238169570
147175112
259185105
15072314
332904179
932153276
707527199
645806257
992130464
536309096
919632261
322186616
24076530
602603503
731089156
252179930
337198971
961317042
506876935
674052133
817546817
310636421
337198971
923593351
919632261
674052133
768702135
24076530
961317042
768234201
779516323
536309096
757848469
557772958
390819586
390819586
817546817
731089156
377871005
779516323
895462008
144161061
960634797
341518679
745638255
816587909
449817561
390819586
579954288
259185105
944560270
595861676
187845677
259185105
274478658
895462008
668368011
98204807
661165511
661676349
781343983
674052133
781106365
549509882
681034893
592140691
792407824
238169570
371523092
913998936
13890649
731089156
768234201
923593351
252179930
322186616
912026493
757848469
455619163
960634797
745638255
345670623
50205490
919632261
557772958
716358088
674052133
781343983
707527199
455619163
805688343
455619163
98204807
98204807
585788965
449817561
377871005
757848469
258791331
581113123
524461160
781106365
816587909
913998936
664443417
219594175
449817561
579954288
683261980
996008276
757848469
961317042
98204807
923593351
830770909
792407824
259185105
371523092
475939134
816587909
716358088
274478658
375336264
661676349
830770909
536309096
243696288
449817561
765126955
259185105
243696288
416067924
616137060
455619163
816587909
756480587
961317042
616137060
24076530
144161061
174811178
602603503
562488725
781106365
557772958
76330336
932153276
765126955
895462008
377871005
455619163
144161061
817546817
765126955
390819586
50205490
332904179
781343983
645806257
745638255
219594175
752568080
258791331
616137060
943328110
805688343
536309096
585788965
942228128
144161061
913998936
375336264
274478658
895462008
50205490
731089156
15072314
960634797
58390671
375336264
716358088
13890649
912026493
377871005
175757464
375336264
341518679
943328110
923593351
752568080
345670623
238169570
489926445
557772958
557772958
569433376
661676349
337198971
322186616
258791331
144161061
557772958
602603503
187845677
371523092
536309096
187845677
506876935
919632261
923593351
581113123
757848469
144161061
674052133
942228128
322186616
579954288
449817561
260015994
645806257
851868938
13890649
524461160
524461160
449817561
851868938
830770909
661676349
779516323
779516323
416067924
175992592
337198971
817546817
661676349
98204807
569433376
943328110
756480587
942228128
390819586
768702135
752568080
960634797
15072314
562488725
50205490
932153276
919632261
792407824
581113123
919632261
602603503
562488725
912026493
851868938
683261980
332904179
549509882
919632261
592140691
390819586
260015994
489926445
895462008
345670623
341518679
781106365
371523092
768234201
992130464
345670623
781106365
851868938
557772958
520636765
645806257
942228128
943328110
716358088
581113123
50205490
536309096
579954288
792407824
932153276
851868938
768702135
579954288
616137060
731997390
581113123
233572776
506876935
851868938
24076530
112655116
592140691
520636765
260015994
24076530
520636765
805688343
375336264
557772958
830770909
557772958
475939134
569433376
332904179
187845677
792407824
233572776
996008276
996008276
259185105
258791331
645806257
753485719
112655116
144161061
602603503
992130464
923593351
961317042
779516323
919632261
581113123
817546817
816587909
944560270
174811178
851868938
932153276
895462008
332904179
716358088
830770909
489926445
768702135
375336264
757848469
661676349
371523092
602603503
377871005
258791331
932153276
982052628
768234201
942228128
912026493
536309096
943328110
752568080
259185105
913998936
851868938
805688343
895462008
779516323
24076530
175757464
756480587
549509882
259185105
219594175
520636765
332904179
76330336
923593351
536309096
24076530
243696288
664443417
961317042
745638255
805688343
668368011
745638255
536309096
982052628
996008276
944560270
390819586
805688343
851868938
562488725
816587909
707527199
943328110
243696288
792407824
475939134
895462008
562488725
93084087
322186616
562488725
243696288
322186616
707527199
960634797
757848469
923593351
745638255
109929660
375336264
337198971
664443417
50205490
943328110
377871005
731089156
664443417
901283514
175757464
781106365
341518679
174811178
716358088
661165511
219594175
792407824
579954288
913998936
557772958
332904179
144161061
901283514
960634797
549509882
371523092
731089156
175992592
752568080
219594175
752568080
377871005
258791331
345670623
536309096
830770909
175757464
76330336
238169570
779516323
919632261
992130464
581113123
792407824
645806257
668368011
745638255
792407824
549509882
93084087
779516323
674052133
851868938
520636765
174811178
322186616
830770909
830770909
557772958
781343983
109929660
98204807
259185105
322186616
961317042
932153276
668368011
187845677
310636421
756480587
768702135
310636421
76330336
602603503
753485719
753485719
851868938
341518679
475939134
731997390
919632261
602603503
58390671
260015994
805688343
371523092
520636765
375336264
98204807
258791331
661676349
112655116
549509882
674052133
961317042
390819586
345670623
475939134
731997390
616137060
731997390
109929660
912026493
175992592
765126955
943328110
332904179
377871005
960634797
830770909
830770909
805688343
942228128
961317042
310636421
475939134
664443417
175992592
768234201
259185105
258791331
768702135
332904179
585788965
757848469
768702135
524461160
681034893
175992592
390819586
753485719
960634797
895462008
816587909
174811178
781106365
416067924
716358088
489926445
274478658
683261980
616137060
489926445
390819586
475939134
310636421
187845677
337198971
416067924
765126955
252179930
661165511
581113123
901283514
569433376
830770909
375336264
259185105
919632261
569433376
13890649
219594175
371523092
337198971
562488725
781343983
259185105
960634797
681034893
58390671
175992592
93084087
765126955
238169570
449817561
645806257
830770909
175757464
781343983
943328110
707527199
768234201
416067924
252179930
449817561
489926445
24076530
585788965
805688343
506876935
816587909
943328110
731089156
805688343
602603503
260015994
252179930
982052628
337198971
93084087
912026493
219594175
996008276
912026493
768702135
661676349
919632261
932153276
745638255
475939134
681034893
581113123
112655116
779516323
645806257
258791331
768234201
375336264
683261980
781106365
579954288
15072314
50205490
683261980
76330336
961317042
416067924
109929660
332904179
175757464
536309096
109929660
943328110
524461160
174811178
524461160
24076530
944560270
932153276
341518679
109929660
455619163
174811178
219594175
768234201
765126955
992130464
175992592
992130464
912026493
337198971
595861676
219594175
851868938
58390671
112655116
960634797
98204807
562488725
345670623
645806257
901283514
375336264
681034893
549509882
174811178
371523092
745638255
15072314
731997390
15072314
13890649
377871005
581113123
175992592
942228128
371523092
258791331
996008276
13890649
731997390
944560270
475939134
817546817
524461160
524461160
274478658
489926445
416067924
260015994
943328110
757848469
681034893
390819586
337198971
24076530
595861676
390819586
310636421
592140691
524461160
337198971
549509882
779516323
562488725
147175112
260015994
24076530
252179930
792407824
901283514
341518679
50205490
109929660
187845677
716358088
147175112
817546817
768702135
765126955
661165511
15072314
375336264
506876935
371523092
581113123
274478658
58390671
341518679
661676349
322186616
449817561
616137060
536309096
332904179
781106365
765126955
147175112
260015994
449817561
960634797
536309096
817546817
341518679
341518679
943328110
919632261
661165511
562488725
238169570
219594175
817546817
557772958
341518679
757848469
752568080
341518679
243696288
731089156
562488725
98204807
371523092
175992592
98204807
58390671
13890649
752568080
830770909
768702135
50205490
932153276
332904179
260015994
345670623
13890649
923593351
524461160
919632261
932153276
506876935
524461160
645806257
130202146
219594175
345670623
944560270
260015994
390819586
996008276
805688343
661165511
731089156
919632261
645806257
147175112
817546817
258791331
345670623
982052628
805688343
592140691
449817561
375336264
664443417
781106365
260015994
549509882
489926445
569433376
757848469
455619163
756480587
943328110
371523092
416067924
707527199
24076530
731997390
98204807
912026493
961317042
274478658
557772958
98204807
592140691
252179930
375336264
913998936
259185105
781106365
901283514
238169570
707527199
912026493
455619163
830770909
274478658
337198971
668368011
520636765
585788965
310636421
912026493
98204807
13890649
851868938
455619163
923593351
912026493
913998936
792407824
992130464
645806257
661676349
996008276
913998936
664443417
942228128
130202146
982052628
992130464
50205490
913998936
765126955
851868938
944560270
781343983
756480587
524461160
932153276
817546817
805688343
130202146
992130464
982052628
602603503
982052628
175992592
707527199
98204807
602603503
602603503
661676349
817546817
449817561
716358088
781106365
664443417
175757464
109929660
765126955
731997390
50205490
175992592
830770909
259185105
752568080
238169570
944560270
259185105
765126955
792407824
745638255
664443417
13890649
816587909
851868938
15072314
781106365
130202146
752568080
942228128
557772958
524461160
664443417
779516323
581113123
944560270
912026493
757848469
569433376
585788965
175757464
616137060
645806257
310636421
943328110
219594175
252179930
489926445
259185105
112655116
50205490
707527199
996008276
536309096
923593351
731997390
581113123
524461160
579954288
98204807
332904179
923593351
24076530
390819586
683261980
913998936
144161061
745638255
752568080
341518679
681034893
830770909
757848469
942228128
258791331
779516323
475939134
455619163
817546817
187845677
731089156
912026493
174811178
345670623
581113123
932153276
781343983
147175112
756480587
851868938
475939134
175992592
371523092
371523092
274478658
752568080
661676349
175757464
602603503
579954288
756480587
175992592
731089156
475939134
93084087
175757464
757848469
779516323
792407824
961317042
851868938
274478658
524461160
765126955
895462008
781343983
817546817
520636765
996008276
13890649
768702135
341518679
595861676
661676349
233572776
233572776
585788965
345670623
595861676
219594175
753485719
961317042
175992592
731997390
781106365
661676349
595861676
851868938
661676349
233572776
274478658
779516323
345670623
175992592
233572776
851868938
851868938
449817561
144161061
585788965
76330336
707527199
569433376
233572776
345670623
661676349
645806257
817546817
174811178
243696288
592140691
449817561
130202146
219594175
756480587
602603503
175757464
274478658
258791331
174811178
144161061
817546817
562488725
768702135
524461160
716358088
50205490
816587909
942228128
562488725
390819586
645806257
337198971
996008276
489926445
174811178
371523092
243696288
781106365
616137060
13890649
337198971
602603503
260015994
233572776
377871005
830770909
768234201
731089156
912026493
616137060
592140691
258791331
310636421
233572776
943328110
175992592
944560270
745638255
175992592
912026493
668368011
731089156
259185105
674052133
562488725
668368011
781106365
187845677
745638255
996008276
377871005
595861676
664443417
322186616
674052133
112655116
175757464
792407824
996008276
375336264
668368011
982052628
585788965
913998936
731997390
341518679
753485719
112655116
602603503
683261980
112655116
259185105
668368011
830770909
996008276
175992592
332904179
175757464
585788965
923593351
233572776
668368011
187845677
24076530
489926445
147175112
661676349
371523092
579954288
15072314
489926445
581113123
449817561
310636421
664443417
992130464
175757464
616137060
768702135
274478658
371523092
943328110
15072314
259185105
781106365
93084087
913998936
58390671
377871005
377871005
345670623
664443417
664443417
24076530
130202146
830770909
341518679
753485719
238169570
579954288
259185105
144161061
645806257
416067924
345670623
731997390
13890649
144161061
175992592
707527199
536309096
996008276
752568080
175992592
781343983
982052628
238169570
375336264
144161061
830770909
716358088
757848469
681034893
683261980
996008276
455619163
817546817
147175112
147175112
765126955
943328110
602603503
144161061
233572776
805688343
756480587
752568080
645806257
757848469
416067924
506876935
371523092
579954288
585788965
992130464
668368011
390819586
416067924
109929660
661165511
274478658
996008276
731089156
757848469
942228128
557772958
616137060
219594175
252179930
664443417
851868938
219594175
681034893
50205490
175992592
112655116
756480587
15072314
259185105
992130464
258791331
93084087
602603503
524461160
592140691
371523092
243696288
549509882
345670623
233572776
805688343
681034893
390819586
960634797
661676349
489926445
259185105
274478658
15072314
258791331
581113123
187845677
683261980
15072314
752568080
243696288
674052133
112655116
112655116
817546817
569433376
681034893
923593351
24076530
805688343
187845677
243696288
50205490
913998936
664443417
579954288
645806257
536309096
753485719
895462008
731089156
805688343
745638255
616137060
996008276
455619163
109929660
707527199
757848469
595861676
707527199
960634797
562488725
93084087
93084087
731089156
781343983
416067924
661165511
753485719
932153276
757848469
768234201
549509882
13890649
901283514
996008276
50205490
310636421
274478658
569433376
960634797
731089156
753485719
536309096
779516323
259185105
932153276
390819586
779516323
895462008
960634797
557772958
731997390
332904179
923593351
681034893
942228128
912026493
187845677
768234201
664443417
252179930
174811178
506876935
98204807
390819586
416067924
238169570
520636765
536309096
371523092
50205490
942228128
944560270
345670623
520636765
579954288
756480587
681034893
716358088
76330336
961317042
664443417
731997390
536309096
562488725
13890649
792407824
449817561
345670623
661165511
943328110
781343983
781343983
752568080
50205490
24076530
175992592
219594175
792407824
756480587
982052628
616137060
252179930
337198971
944560270
377871005
130202146
98204807
731089156
716358088
919632261
549509882
557772958
506876935
816587909
616137060
616137060
756480587
944560270
805688343
895462008
913998936
243696288
455619163
13890649
238169570
781343983
557772958
932153276
592140691
489926445
960634797
13890649
661676349
93084087
923593351
781343983
524461160
932153276
24076530
58390671
175757464
664443417
595861676
416067924
322186616
174811178
524461160
919632261
416067924
76330336
175992592
506876935
390819586
668368011
668368011
258791331
944560270
756480587
779516323
416067924
731089156
341518679
731089156
661676349
982052628
549509882
602603503
175757464
76330336
489926445
238169570
731997390
475939134
932153276
175992592
174811178
752568080
13890649
919632261
753485719
756480587
792407824
175757464
579954288
661676349
243696288
923593351
15072314
112655116
375336264
756480587
58390671
455619163
557772958
816587909
581113123
371523092
779516323
731997390
524461160
745638255
58390671
923593351
233572776
661165511
707527199
259185105
768702135
592140691
243696288
260015994
757848469
260015994
901283514
243696288
489926445
923593351
260015994
716358088
816587909
416067924
942228128
175992592
341518679
674052133
792407824
390819586
13890649
50205490
768234201
923593351
745638255
371523092
901283514
345670623
322186616
923593351
322186616
731089156
901283514
731997390
536309096
260015994
238169570
489926445
274478658
557772958
557772958
520636765
390819586
752568080
716358088
175757464
781106365
781106365
913998936
557772958
817546817
581113123
707527199
645806257
322186616
731089156
375336264
310636421
243696288
390819586
901283514
332904179
13890649
50205490
805688343
233572776
233572776
944560270
174811178
76330336
130202146
752568080
768702135
661676349
377871005
259185105
707527199
144161061
592140691
816587909
792407824
258791331
260015994
24076530
645806257
942228128
475939134
13890649
752568080
592140691
768234201
112655116
549509882
416067924
259185105
520636765
455619163
753485719
996008276
683261980
757848469
259185105
371523092
144161061
851868938
109929660
756480587
252179930
76330336
416067924
752568080
50205490
259185105
960634797
375336264
752568080
109929660
585788965
731089156
377871005
616137060
175757464
390819586
520636765
345670623
144161061
681034893
310636421
716358088
310636421
475939134
944560270
174811178
765126955
375336264
375336264
76330336
557772958
668368011
274478658
757848469
337198971
274478658
557772958
816587909
781343983
455619163
549509882
595861676
109929660
592140691
579954288
805688343
661165511
93084087
913998936
595861676
524461160
960634797
58390671
112655116
585788965
449817561
585788965
455619163
258791331
259185105
233572776
683261980
259185105
919632261
592140691
332904179
416067924
765126955
919632261
233572776
645806257
592140691
174811178
707527199
76330336
616137060
592140691
756480587
932153276
664443417
562488725
779516323
943328110
912026493
817546817
779516323
817546817
310636421
233572776
851868938
260015994
377871005
147175112
174811178
375336264
731089156
187845677
332904179
377871005
707527199
645806257
961317042
756480587
595861676
375336264
581113123
562488725
765126955
219594175
731089156
816587909
960634797
475939134
992130464
581113123
992130464
524461160
913998936
781343983
536309096
752568080
616137060
943328110
549509882
274478658
109929660
919632261
779516323
753485719
310636421
781343983
562488725
901283514
944560270
996008276
768702135
109929660
960634797
579954288
765126955
681034893
322186616
756480587
581113123
592140691
851868938
668368011
341518679
581113123
757848469
579954288
416067924
816587909
585788965
992130464
520636765
923593351
731089156
996008276
58390671
524461160
923593351
175757464
753485719
982052628
595861676
944560270
243696288
416067924
130202146
371523092
506876935
520636765
781343983
996008276
901283514
147175112
310636421
664443417
58390671
805688343
233572776
258791331
569433376
337198971
683261980
506876935
76330336
562488725
602603503
233572776
960634797
781106365
792407824
681034893
112655116
341518679
661165511
93084087
332904179
664443417
982052628
683261980
260015994
781343983
175992592
569433376
919632261
756480587
252179930
602603503
252179930
668368011
942228128
661165511
390819586
449817561
912026493
345670623
58390671
147175112
371523092
112655116
147175112
13890649
345670623
683261980
58390671
341518679
455619163
187845677
147175112
569433376
816587909
753485719
258791331
681034893
944560270
243696288
569433376
992130464
681034893
562488725
520636765
187845677
768702135
731997390
144161061
144161061
616137060
416067924
562488725
992130464
147175112
757848469
489926445
562488725
816587909
536309096
768234201
243696288
50205490
579954288
661165511
569433376
112655116
982052628
174811178
707527199
816587909
549509882
913998936
549509882
506876935
765126955
416067924
664443417
310636421
175757464
557772958
130202146
592140691
912026493
109929660
681034893
731997390
520636765
219594175
960634797
258791331
489926445
332904179
243696288
475939134
252179930
781343983
756480587
536309096
109929660
310636421
830770909
781106365
768234201
15072314
252179930
792407824
536309096
731089156
310636421
816587909
524461160
449817561
779516323
664443417
731089156
768702135
768702135
15072314
579954288
792407824
345670623
592140691
524461160
274478658
375336264
524461160
595861676
345670623
683261980
520636765
781106365
175992592
661165511
752568080
416067924
455619163
581113123
731089156
579954288
912026493
144161061
455619163
109929660
851868938
259185105
683261980
595861676
109929660
681034893
337198971
912026493
93084087
416067924
661676349
992130464
982052628
752568080
585788965
765126955
219594175
681034893
996008276
943328110
341518679
520636765
992130464
683261980
147175112
923593351
765126955
109929660
716358088
992130464
243696288
449817561
259185105
616137060
390819586
345670623
475939134
243696288
536309096
757848469
98204807
147175112
661676349
851868938
661165511
616137060
895462008
76330336
252179930
756480587
779516323
549509882
13890649
562488725
536309096
449817561
274478658
579954288
58390671
602603503
664443417
259185105
683261980
668368011
174811178
944560270
901283514
259185105
943328110
174811178
674052133
259185105
581113123
175757464
310636421
781106365
455619163
745638255
944560270
238169570
219594175
144161061
992130464
310636421
943328110
668368011
243696288
310636421
602603503
258791331
681034893
668368011
779516323
187845677
944560270
901283514
942228128
982052628
943328110
923593351
645806257
76330336
238169570
174811178
449817561
174811178
912026493
506876935
274478658
731089156
757848469
416067924
520636765
830770909
923593351
524461160
731997390
661676349
901283514
520636765
112655116
668368011
779516323
912026493
130202146
322186616
581113123
753485719
112655116
661676349
768702135
664443417
830770909
683261980
731089156
602603503
371523092
449817561
982052628
390819586
817546817
562488725
731997390
765126955
58390671
731997390
765126955
260015994
536309096
98204807
781343983
260015994
602603503
805688343
753485719
707527199
592140691
707527199
765126955
524461160
664443417
371523092
506876935
943328110
661165511
664443417
233572776
233572776
24076530
585788965
260015994
341518679
781343983
109929660
681034893
579954288
851868938
219594175
779516323
830770909
147175112
562488725
942228128
175757464
416067924
753485719
996008276
175992592
923593351
252179930
912026493
817546817
475939134
765126955
816587909
93084087
233572776
592140691
569433376
174811178
992130464
187845677
674052133
645806257
274478658
243696288
322186616
595861676
731997390
50205490
943328110
258791331
756480587
562488725
175757464
895462008
602603503
919632261
259185105
895462008
259185105
960634797
768702135
752568080
557772958
595861676
93084087
562488725
13890649
992130464
175757464
260015994
745638255
175757464
781343983
98204807
562488725
489926445
707527199
243696288
175992592
668368011
130202146
779516323
337198971
260015994
130202146
923593351
731089156
830770909
50205490
475939134
674052133
851868938
341518679
322186616
98204807
661676349
661676349
901283514
674052133
549509882
58390671
144161061
816587909
661165511
942228128
960634797
93084087
175992592
731997390
851868938
219594175
332904179
130202146
341518679
668368011
175992592
274478658
449817561
664443417
683261980
753485719
536309096
913998936
716358088
310636421
332904179
792407824
592140691
58390671
805688343
901283514
416067924
681034893
664443417
175992592
756480587
781106365
416067924
683261980
76330336
731997390
996008276
174811178
674052133
779516323
524461160
175992592
536309096
130202146
258791331
756480587
901283514
174811178
144161061
781106365
144161061
805688343
753485719
830770909
569433376
274478658
731089156
645806257
664443417
219594175
645806257
58390671
851868938
581113123
595861676
345670623
585788965
50205490
752568080
768234201
645806257
345670623
752568080
757848469
345670623
753485719
781343983
992130464
557772958
243696288
944560270
817546817
942228128
58390671
581113123
332904179
175992592
187845677
58390671
817546817
716358088
661165511
912026493
683261980
716358088
341518679
645806257
768702135
390819586
449817561
93084087
549509882
765126955
716358088
557772958
932153276
274478658
944560270
371523092
58390671
449817561
144161061
377871005
536309096
187845677
752568080
260015994
779516323
707527199
768234201
93084087
274478658
996008276
76330336
595861676
595861676
716358088
942228128
674052133
76330336
768702135
757848469
489926445
174811178
913998936
252179930
961317042
252179930
661676349
745638255
960634797
549509882
219594175
753485719
781343983
996008276
668368011
805688343
901283514
489926445
524461160
960634797
645806257
147175112
942228128
901283514
175757464
371523092
756480587
683261980
982052628
310636421
449817561
377871005
15072314
895462008
830770909
13890649
731997390
50205490
322186616
756480587
830770909
93084087
520636765
602603503
745638255
13890649
668368011
779516323
375336264
932153276
147175112
147175112
961317042
943328110
592140691
681034893
942228128
919632261
238169570
851868938
506876935
757848469
674052133
745638255
130202146
579954288
24076530
524461160
144161061
661165511
912026493
524461160
943328110
536309096
765126955
645806257
923593351
175757464
745638255
817546817
233572776
